[common]
molecule = A1B2X2_A1B2X2

[fitting]
number_of_atoms = 6
number_of_electrostatic_sites = 8
excluded_pairs_12 = [[[0, 1], [0,2], [0, 3]], [[0,1], [0,2], [0,3]]]
excluded_pairs_13 = [[[1, 2], [1,3], [2,3]], [[1, 2], [1,3], [2,3]]]
excluded_pairs_14 = [[], []]
charges = [[0, 0, 0], [0, 0, 0]]
polarizabilities = [[0, 0, 0], [0, 0, 0]]
polarizability_factors = [[0, 0, 0], [0, 0, 0]]
k_min = 0.0
k_max = 50.0
d_min = 0.0
d_max = 50.0
k_min_init = 1.0
k_max_init = 4.0
d_min_init = 1.0
d_max_init = 4.0
b_min = 0.0
b_max = 10.0
b_min_init = 1.0
b_max_init = 4.0
r_in = 5.5
r_out = 7.5
c6 = [237.3212214147944, 83.49556669872743, 20.09358600184719]
d6 = [9.295485815062264, 9.775202425217957, 9.406475169954112]
a = [0, 0, 0]
var_intra = exp
var_inter = coul
var_virtual_sites = exp
alpha = 0.0005
energy_range = 25
virtual_site_labels = [X, Y, Z]
nvars = 31
npoly = 600
	

